20
10 15
5 1 3 5 10 7 4 9 2 8
5 11
1 2 3 4 5
1 5
4
1 5
5
5 10
3 3 3 3 3
123 322770
4897 8662 422 7238 4873 1383 4692 9048 9891 3362 2148 2646 4150 1657 2708 6863 7394 5628 2674 2515 6806 5487 7944 4634 3807 3814 5891 6388 6494 5484 9838 4603 7701 1731 6496 8548 5261 5414 8158 581 6391 5179 4814 816 5213 6964 1465 3438 8148 628 2028 7863 4833 6766 8460 7005 3461 9433 8451 2872 278 6321 7147 8828 6955 807 6 7446 4051 6904 4344 7638 5635 8459 6785 1655 107 2419 491 4441 6179 8820 8812 6928 55 9363 8328 3941 1068 1542 4231 1098 9070 4507 7966 3691 1607 4085 7565 1616 5966 256 1845 7183 6442 4486 7443 750 4370 9498 7917 4214 9186 6625 3111 4627 4908 6144 7842 6856 424 225 339
933 376204
9645 6565 8449 9140 9048 9388 8435 8698 6809 6038 7276 9607 4310 5157 2492 1511 7408 8279 8140 1051 8129 1173 7292 6713 8181 6300 344 3123 9910 7509 2569 2722 9599 1107 2407 3231 2738 425 2124 8237 2036 9221 2628 4327 2150 6541 49 1074 7151 37 2699 9438 3125 393 6276 958 4187 1069 4313 9602 4916 9455 7316 5101 8134 6118 430 5608 2137 9337 3619 7858 606 2894 2270 5554 5693 7885 8883 1611 1878 1745 5083 1994 4713 1691 1594 4127 3282 6866 4156 5494 8732 9547 798 2929 8326 1728 8666 372 6338 9616 8234 316 8266 8980 7389 9628 4734 3465 2727 5286 9112 6239 8402 2115 9905 1677 6019 4879 6396 5262 4648 9364 6943 7148 9069 8513 9603 7463 4877 8614 3649 6146 1557 1295 5676 9403 2373 1755 573 7909 8336 8007 2233 452 1075 2876 7120 8340 226 1906 8446 6310 318 1983 7284 7719 2115 4497 9361 8431 7725 2755 2105 3315 4698 8447 4408 6856 9499 7008 2384 5493 6100 7203 509 1107 1267 1770 6618 5844 4797 5804 8653 4620 7492 3741 1133 17 4228 5877 6868 8875 861 8143 7039 4599 9307 5264 8802 6302 3889 5890 4584 5357 3861 893 8680 7057 8804 3489 5380 4288 5478 8577 8443 1943 5740 8191 334 4844 6870 1521 336 3967 1777 8893 7910 1666 6782 7959 8206 7665 4093 451 5035 944 6984 9752 6030 5105 5468 4468 5681 1918 8258 3414 1726 7112 7629 5468 8572 1517 9499 537 745 2608 2638 1938 9491 7784 7365 8118 3312 8566 4691 6856 461 6308 7169 1418 7715 6119 9119 6296 8118 7825 7829 7502 2744 7910 8696 5606 8187 4936 1017 2482 8835 6705 3159 1666 3129 8044 7076 3907 8412 9745 5461 7573 2817 3931 1971 358 6524 3816 783 2640 4679 620 6675 6060 2655 5698 7619 9842 2366 5905 930 783 7090 4982 1824 6417 5197 4708 4417 1505 3974 7140 1641 7293 4652 7531 8612 2817 3243 3703 2754 1521 2615 5029 7551 7654 3685 5618 9313 5475 4665 3819 3018 1763 6650 692 94 6514 6434 5842 3134 8740 4322 1126 1682 8485 9058 4614 2006 2861 5573 2121 2475 8271 3771 4318 3886 1536 8368 6857 6454 1407 2017 8956 615 7701 6511 3727 8595 377 7661 8955 3008 2608 1044 1448 9749 9728 4021 369 9918 6896 3070 3425 1087 3022 4838 5244 9924 7212 7298 2124 1111 887 3306 3479 6955 3846 4006 7577 3478 4188 7201 7107 5755 6281 6096 8512 3829 9219 4204 2128 2335 5885 4154 5635 6688 4289 236 6131 6085 639 8321 3550 4791 6834 7783 4879 9035 5707 9457 9880 3928 9501 2915 9071 3411 1764 3338 2946 470 7282 4281 4471 1487 3208 8206 5988 3332 1549 8626 1927 4069 3454 6000 6852 3322 5170 4461 2602 2075 7593 2933 2144 9854 8064 535 9265 2907 6628 2470 2576 8780 2417 7008 6538 2560 2933 4444 9415 2031 9573 8524 3468 1639 716 1698 2865 8132 732 6879 6154 2767 1410 4230 9668 733 1883 1888 797 4760 7340 2344 5808 8220 8931 2038 1741 1415 1960 3881 7057 2771 2447 9309 8054 3632 8988 3005 985 602 3091 3314 7348 6906 4972 3321 6872 9081 4128 5090 5577 5374 6546 4789 1462 1192 8108 9327 3587 4760 1637 8186 4869 1382 5820 5802 5305 1700 3748 2820 1745 4703 3996 9657 2268 2161 2314 5664 5521 4276 8003 850 1176 2513 3417 5231 2309 7671 1090 7886 4594 8263 3249 7025 4151 6587 6147 8359 6089 8391 1720 5082 476 823 7435 3273 2774 6040 2576 817 4834 3716 106 2628 5582 7909 7958 3707 9665 842 9751 6423 4956 775 2974 8675 284 3542 4374 5590 5785 9148 4426 3813 8223 583 2260 6693 6790 1827 4674 4014 7072 3372 4439 1963 7070 5053 6491 1725 1679 6679 4704 2976 7143 9197 8962 6405 2568 3100 8634 3422 2511 9464 6544 8792 5501 4722 1082 1346 9072 8774 3109 1997 6078 272 8222 4012 7246 6702 1102 9642 8898 1825 4128 890 2005 397 5040 9065 1325 3088 3970 545 1437 79 7356 3607 1674 9276 2545 3140 3464 4724 4155 48 4816 7093 5652 6490 4736 4860 9442 1652 959 1756 3244 9339 3515 4587 8429 4629 3281 2486 1059 1971 2312 4501 1604 5878 9755 1049 9999 9710 4817 7714 5082 6797 3163 5022 1565 6937 4761 8715 7546 1297 4201 6317 3800 2887 3261 5882 4091 7116 5272 6675 2097 745 3893 4574 6955 3369 467 4206 8006 9524 8625 2580 7269 8470 226 6031 2237 8927 2061 462 2893 6339 9333 1878 8791 1937 6271 9728 2143 6465 7045 298 6496 2343 4406 2957 3701 516 6327 3454 8907 7371 3146 190 8832 8209 8554 9772 5959 3757 8880 3675 1532 6992 8389 4654 4238 5886 3765 1967 2846 8970 2396 3775 2803 9120 1632 3655 9191 2731 7690 2813 5457 6039 7362 8163 5615 1184 2182 9882 8176 282 7126 372 1820 8922 8912 7670 6449 801 6547 4908 1003 5369 4930 134 2318 4616 2535 2160 1779 8290 6113 2864 7037 1803 6011 7736 1687 3833 3738 2204 7212 8328 1939 2525 5746 2311 2823 4564 803 4271 4253 5850 4298 4788 4730 212 5287 1556 879 3644 8703 7997 1438 8986 1123 4219 7754 2113 3738 8895 8907 6886 7262 5787 5915 4156 8736 6633 4544 7851 6841 4908 7942 3551 7391 5518 3432 9804 2432 5240 7915 4414 1453 1616 9032 8079 4678 8780 3939 1090 5806 6454 7500 6173 1163 3768
610 184428
3959 5999 6138 9991 752 5414 5075 6297 6947 8107 9321 1838 7146 637 9105 1210 1839 3821 9972 7001 8447 1074 2780 6096 9847 778 4695 6769 9406 9595 3403 1261 3695 9960 1559 4756 2177 3311 5761 1305 3108 3327 2049 4561 4618 6102 25 3657 9536 3880 2415 8487 8760 813 7529 1753 6453 7169 7924 6042 769 1183 9345 7923 2718 5511 8493 3566 4567 9628 2283 853 3907 7419 4704 1465 1766 6261 3274 6351 1043 9677 9310 6757 673 5485 6092 1858 5481 5507 466 4107 2138 5657 906 4321 889 7762 9488 1368 8696 6400 9237 5235 9089 9699 2009 5915 1456 1788 4216 1870 458 4767 9348 3156 8286 2535 8138 9229 2823 6163 6180 6823 5883 9694 7770 9051 6579 3533 8038 7702 7830 7137 4115 3878 8084 9724 3793 3770 861 5040 5880 7420 7692 8819 2421 3595 7379 5599 6262 9536 9172 2438 6494 2066 9721 8754 150 1333 5520 6730 2977 3837 839 7345 6937 7297 4352 6345 9035 2235 7809 4149 3068 7420 6346 2107 5783 7051 4740 3992 6980 782 8531 8478 2086 7745 8615 8809 2017 7987 8789 255 9909 1 429 7493 7308 7562 2631 6302 6924 9665 1311 670 4010 1137 6378 285 9084 8619 2596 952 5848 1274 4184 2801 1662 4264 5675 646 7502 7993 3637 8143 5384 7925 5517 6577 5567 9348 5376 3664 2408 1681 9853 2225 5013 8817 9440 6653 4712 4429 7145 9873 854 858 5576 3954 2378 8794 1592 8319 3923 1180 4405 8831 9852 5246 2379 4600 8661 8562 9244 5153 1587 1759 2094 5984 9137 7438 1695 925 2673 2741 9477 6600 1827 7921 759 4358 192 5884 2001 1110 3251 4622 744 6769 2437 8047 1691 2016 6468 8730 2545 5512 6064 4606 2629 2688 5986 2270 7563 9155 2393 2456 4382 2417 4465 3315 1639 2768 8194 7169 5276 8831 3987 9396 5106 7867 5433 7021 7185 3483 128 4127 9219 1318 8900 2130 1928 1381 7404 3460 8105 3794 6372 2378 470 383 1206 52 1150 3972 6644 4590 5531 4976 5125 1522 7544 7872 1546 3531 4656 9534 5291 4325 7413 5921 2354 3136 9561 1970 644 9363 8572 6799 3591 6014 8178 1432 8725 4375 7808 9814 9228 5542 5123 8859 3103 428 5054 5525 2636 2126 7998 6205 8458 7248 7179 9052 6287 1020 9725 4988 956 3969 2488 6396 2870 6184 1110 4750 2962 2738 4768 5690 60 6942 9657 9142 8259 9847 1190 413 7556 2009 6653 4331 9858 2692 1946 5787 8351 729 9240 3639 3674 2001 7474 8783 5045 7997 5942 4278 4561 7320 7346 5541 6920 3929 6127 3634 9687 7173 8342 5596 7014 6721 7267 8701 8598 1781 9237 5730 3894 9131 5006 7511 993 4471 3134 7131 9687 7041 7558 8547 4534 8397 7739 2443 7126 3020 7098 5078 2302 2427 6498 2230 9302 9257 4866 2279 1658 407 4912 4118 9543 9112 9475 2352 3781 967 6222 4581 5233 8647 4634 5819 5750 789 7134 8510 5848 6122 3678 6725 540 4862 3037 5312 3047 5270 8367 285 4210 7662 7728 7738 4615 8145 5579 3269 9034 7925 6808 4544 9879 6964 1270 3376 2884 2436 8928 4996 4498 6424 9806 4962 502 1872 3483 8717 7182 3596 1967 1235 2834 2030 4712 9251 9849 5068 6842 3995 5877 5397 4544 8640 6012 8619 7309 2119 9956 830 2724 752 2377 7850 2640 4322 734 1911 9633 7713 6175 2158 1668 8652 8302 8795 5789 8899 6802 9437 7075 9574 3688 5211 2281 1945 8117 1857 7413 8148 5513 7927 5918 1830 1089 5315 8023 8713 1338 8757 4994 9824
935 210693
6923 3152 3043 1886 6304 5080 2507 2178 8382 4895 7872 9320 7375 9367 9639 257 5644 7867 6907 3036 6808 2957 6094 2772 8025 7083 6026 3541 6595 1185 387 9615 5138 3943 8299 5875 4931 7163 2417 4026 4560 474 5399 6741 3735 5623 7166 3167 5223 6878 6320 4191 1142 6722 4682 3818 8977 5858 9140 3077 7584 187 8222 8808 5781 4343 2153 2877 8561 6611 128 4344 9188 9422 1601 2193 7263 2029 5291 8252 71 3595 5781 7562 2793 1614 2665 1224 5988 4245 3164 4725 1271 7949 9386 2 3192 7763 9746 2161 3214 419 8428 6576 4668 5615 3539 4175 5851 7292 3 5756 4739 2182 8735 5584 9093 7396 1983 867 631 1926 3237 586 3869 2651 6827 2321 9808 9647 4682 4019 8846 3617 3785 3750 3839 9250 4656 3764 2655 553 328 2755 3948 1892 2338 8342 5486 2873 3856 4029 1565 8859 5956 5048 8532 6296 8899 1577 8017 6383 469 8294 405 9471 3291 782 1646 7354 3806 9091 5470 6920 7632 5941 2136 3768 6529 8560 5911 1026 9441 3147 8075 6023 2844 9874 4593 9130 2023 2270 7485 9720 1670 223 231 3938 4551 8043 3359 2811 9502 5425 3102 4461 798 1942 443 7414 2913 4561 4630 3760 2708 4194 7396 4399 4562 2716 5512 2899 5548 3700 8970 5117 4146 4337 7399 9950 5056 8147 997 7114 2183 529 6769 5548 9814 91 7319 4499 9862 5165 4013 3770 4415 2372 3885 2486 4026 7611 4669 7496 3220 127 4540 9378 540 5681 2187 406 6394 8585 5221 7034 7355 6440 9325 4248 7949 2726 8355 3266 5667 2681 2834 7890 6533 7159 1033 6640 4856 787 8931 6445 6869 2211 7926 203 8377 978 4645 1951 521 5698 2050 6911 7567 6649 452 1718 8677 6876 8080 1415 2509 409 7943 7566 1418 9710 1804 769 1567 2791 9120 5765 3042 1684 1292 3389 9757 5225 8298 7454 9233 1792 1265 2030 678 521 1563 1290 6612 9137 8980 6470 4695 3776 913 1632 5907 3388 3451 2494 1316 1596 5671 8037 5504 7303 7539 6411 3787 5530 7135 6564 1926 4536 5989 3145 3430 4059 1142 9672 7900 41 7075 3700 7846 5987 2532 1740 9330 6535 7129 553 5626 133 9179 7137 3393 9438 910 4122 8728 3080 1238 4040 1149 8558 8546 1158 7536 5204 3433 9731 1667 3385 4832 4100 5054 5413 6981 1992 1869 5649 235 5033 966 6566 5330 2637 2538 9598 5842 1900 8632 6951 3012 2492 88 9318 3853 1177 4859 7240 2168 8448 8348 8691 2287 9930 7507 331 3734 8246 9526 4464 5172 2351 1068 885 2942 5005 8784 3179 9522 6327 1582 6044 5821 4790 6909 132 3673 1188 9561 378 2103 2803 2716 7820 2916 7739 7752 9864 5499 1899 6739 7079 5560 3201 9984 579 8980 7636 822 9850 3634 5886 5135 3675 8500 9000 2911 5933 987 9181 8399 9694 2073 2720 6373 9177 4884 1514 2706 5921 1306 9563 7495 7930 636 5250 4997 8055 2344 632 3280 4333 4407 1206 8895 3127 2287 2982 4706 307 3590 6887 832 6649 3028 3707 605 8764 1635 1563 7540 3225 7254 7210 4903 9340 8851 9606 1216 2659 5310 3291 9186 490 9956 7089 9569 2212 8337 6118 3051 6443 2270 9959 6321 6959 1226 5607 6678 1674 8804 7170 2963 7509 4306 5755 8325 5091 5202 290 6964 3499 3882 7281 4704 3779 3229 1253 5994 551 237 682 6508 409 3624 9360 2262 8403 1953 2937 6630 296 1291 388 9731 7336 2932 1924 2742 2514 1404 4761 5318 7700 5792 5952 7583 3502 8599 5926 9470 452 4409 9416 4603 6706 9335 8374 8290 6874 2859 4037 1504 2136 9485 5492 6552 2199 3710 8791 3791 477 6965 8271 8330 6865 9172 9722 4353 6125 4998 6022 1104 9566 5495 1793 9322 1432 5504 7053 3115 9527 2413 2751 7240 8016 6461 1334 5221 9782 1270 1608 5843 8728 7698 9400 7395 4391 8058 9380 5836 150 5405 9371 5541 9034 8828 2028 8943 1377 6678 7817 2050 1711 8795 6091 3555 7043 2575 303 9150 8552 4190 1421 486 5831 4310 7529 9830 4506 7493 1938 3027 1243 2880 4328 5344 7867 1404 3068 1965 3551 2637 6735 1806 6405 4969 9964 1411 3844 4680 5585 2777 7633 9051 3144 5212 222 8310 4197 6311 4173 187 5208 7898 7026 5651 4034 8935 9174 8988 8548 1481 2408 698 4882 8673 2030 7723 8183 654 9881 7196 3282 7064 8486 8689 7790 1561 7281 3525 3696 2633 2004 8174 7641 1621 9421 6987 3596 123 46 1038 6281 2613 2910 8192 8215 7487 5469 2885 8592 4471 9716 4285 8230 9536 1979 2836 9971 6306 3860 6695 4847 6801 2868 9555 3371 8777 306 6828 6490 5795 8568 5158 4287 3783 5879 8580 5760 1422 7927 2747 4234 1314 427 7409 1967 404 4563 7432 5083 7497 6251 3681 4708 9619 8561 1310 624 1688 1076 6313 4832 2481 9079 5850 7417 5633 133 5849 6195 7952 4367 7776 7179 2707 6913 2220 2659 4169 6194 1728 2714 5316 1962 7574 4422 3314 9582 8003 8044 4264 4567 550 9938 7306 96 6429 4637 4857 2318 6323 980 3769 4714 6074 1029 2158 346 1777 6085 1779 62 8786 3251 3318 2101 9595 7798 963 7696 2918 8037 2444 7374 8744 7445 4306 1303 9714 2429 962 6228 6871 9525 463 9579 5227 4205 9015 9817 4516 8714 2853 6888 6337 3547 4483 1344 4595 1226 5706 4746 4267 8957 7800 2511 802 8252 6060 1439 2015 2510 7936
223 813127
9448 1997 1194 5100 4284 9135 4693 5152 9118 7848 3422 2674 669 8902 428 1497 244 7614 5861 1521 1169 8765 7893 1512 6273 8761 4292 2677 7769 3159 2743 4104 3459 8901 1957 3836 3411 5799 2532 1225 8677 2015 8160 7319 470 5109 8759 6733 4795 694 1044 8343 5137 7273 7013 165 7106 9757 9275 2240 5873 5230 31 7847 9650 1878 5979 7544 9945 5840 5484 411 6925 8567 3698 3640 1689 1117 545 921 4751 3705 9319 3209 7577 5864 6170 5724 3453 2611 5181 9208 1068 8049 1983 3905 7704 6163 7729 5251 9744 3229 546 8648 1689 3301 5209 1977 9466 9860 9757 5425 980 5417 8324 3582 444 3197 6247 4256 9047 8545 8846 5940 497 7795 5405 4378 1273 2352 1546 5857 7469 4259 1322 917 13 5307 8200 5567 3935 5579 4833 7019 9742 5307 3039 2663 1183 2140 7535 7751 7523 249 2257 7877 6530 7481 3724 3829 618 1696 827 3927 7475 7621 6456 4374 8270 1423 5891 1949 618 136 3856 169 9970 6804 7626 890 5350 7546 3415 4547 4933 193 8650 9201 2068 3334 4431 5656 5581 4649 3575 8424 8967 1816 9488 8574 702 1955 3199 9127 735 3039 7757 2816 3683 6454 9276 1018 1701 5915 8260 4809 785 3819 8830 2251 9482 4751 9660
583 85314
2097 9773 1295 6182 884 9925 7136 9807 435 3172 3267 8702 2669 4187 3477 9176 5424 3580 349 4670 5608 5322 1711 2583 4693 7229 2350 5005 3196 8799 718 7425 1812 8566 5366 1180 8352 5614 884 6436 732 9715 8203 1303 3617 3303 6488 4727 9699 5910 3923 7505 9769 3988 8848 587 1820 2974 8244 9210 2136 3702 5173 3837 1297 1605 8635 1338 207 3036 8338 4051 9577 75 6705 2053 6496 2285 437 1260 706 5022 6663 4758 4767 9563 7852 7219 8760 8388 6907 4501 1491 6720 6521 6618 9787 1661 7152 4659 6677 1681 9326 2897 893 2771 5786 4059 7694 4880 7841 9646 8049 6218 9135 4529 6813 5571 9497 8675 6957 258 5014 5924 9935 3952 3550 6397 7880 322 6299 6620 3765 6051 9756 3408 8364 8685 569 830 8353 9603 5696 3102 1572 4062 4990 9269 1384 1218 3449 2575 8255 6365 682 3672 8768 3547 6888 8648 8571 1833 7183 1033 5331 9476 6048 6054 4298 8285 4098 9874 4042 9147 8742 2977 399 1693 9336 1191 3987 3275 7217 7611 4833 327 7433 5352 8891 1558 7082 1504 695 6101 7024 9853 9636 4873 5805 8886 3386 1511 105 2650 2480 93 5110 3036 2455 5755 8225 1051 3475 274 1173 6156 489 1239 1097 8070 8484 9395 7866 9210 4450 8234 3203 109 412 5062 2776 2612 4258 7008 435 6091 5940 7963 7253 9489 5214 6749 4734 500 4443 2586 4312 9076 2378 5998 638 8551 9950 7159 1962 2361 8367 2525 8587 7069 6990 1903 2389 8660 4981 380 4610 4936 765 6234 5255 9542 6937 3238 7922 9703 8784 8713 7855 7161 1272 9954 8138 4030 8510 6678 190 5681 258 386 5116 8176 2606 4056 3464 9482 7 845 3117 9415 7789 6910 2720 9326 6557 5130 8386 7575 8901 1921 8638 6510 5111 7671 19 5760 6279 5956 2172 8806 2319 2731 4891 5931 8113 2613 2388 7259 1068 1514 1877 9962 9176 5307 451 5758 1212 1630 3984 3641 6431 9319 9529 4311 2827 9168 1996 5057 7181 1445 5863 4732 4793 6190 6938 593 3867 8186 3342 6602 6808 6164 1392 5525 8755 9797 4598 6968 9611 5686 2162 753 9106 6943 6804 3865 520 8049 3385 4661 4646 6317 2338 1271 6374 7535 3248 7368 2431 5738 7466 7546 9071 7889 4369 6206 6050 3999 1643 8417 1407 4740 6091 8483 1233 4445 9138 2822 738 7119 687 5471 1891 9263 6578 2748 585 1809 7774 1522 1346 59 6188 8897 1573 7893 4364 5830 3816 4063 1383 2990 506 9055 9168 2786 432 4853 9096 1619 9517 8461 1329 3059 5947 9297 794 5774 7958 9752 1881 6227 9415 735 792 3619 5231 5202 7382 1572 7513 4616 4301 5954 6162 8088 1572 5523 8116 5819 5162 4997 990 1007 1283 5911 9663 4725 7536 673 545 4201 2886 3744 3059 9660 9793 5522 3983 1951 3666 6202 7338 8045 9379 3905 4473 1621 5179 4713 1633 2291 5452 2895 8935 1754 8378 5325 9350 4481 614 2393 1278 5911 1737 5677 8890 9796 4316 835 4698 9693 6100 221 3951 5155 6427 8447 245 1897 9593 5594 5562 6081 3858 4437 4141 7986 2056 5162 5810 4567 7697 5306 6609 6471 9204 2110 942 5532 4109 2699 8388 8466 3264 145 9595 1855 2506 336 3977 2137 2883 6999 2916 5096 3151 347 3044 2329 7075 4193 3703 4972 8965 2904 4943 6988 1213 9686 5894 7128 8728
649 732185
7465 368 616 7364 1141 8382 4938 4185 4194 7118 6514 8148 9439 703 31 3120 2799 1542 6383 4625 246 9823 185 2358 2176 3454 5494 8477 4334 7251 5948 7205 9901 7035 4761 4431 9173 4099 5640 4846 8428 7768 1843 4829 6612 1258 8598 2191 2360 3711 1083 2242 2046 2371 5544 5629 2808 1997 1153 6264 1789 1373 8762 1499 480 9570 8030 1199 1914 2472 885 9104 537 6174 8149 5556 2131 2774 1800 565 2824 933 4278 8618 4452 1978 2623 2452 494 3691 6535 84 4369 8075 3614 8090 5348 2105 2379 7576 4247 8306 500 7573 8204 3845 4989 2909 3536 1767 5595 9141 2869 3021 1075 3501 4733 8759 8003 2062 1973 1245 2093 4371 9132 6544 3404 5301 3246 8291 612 8062 1473 9267 1274 3902 6331 5969 1293 5228 3406 3297 8464 7940 5409 1691 934 5743 9517 6686 6232 1968 7297 5076 1301 9723 6274 6449 5319 6240 4386 4485 6638 9797 6747 3345 699 8738 5545 8454 6619 5205 8481 4713 8254 6917 6290 1954 9475 580 7271 2420 3970 9246 2197 8743 7445 6622 9223 2673 292 6384 820 3731 5164 1697 6826 47 4331 1794 4761 3672 7098 9740 6254 8594 7063 9549 1722 1320 8750 4448 1759 3516 8660 9803 1895 9640 7088 2418 288 5700 2374 8617 5400 9409 8065 9590 3216 946 3869 2133 1632 4154 1822 1253 600 8736 5088 9119 3470 6991 9692 4951 2889 3114 9651 3228 7225 8445 9226 5945 3680 4878 5266 2574 8705 2258 3843 6344 5412 445 7781 205 2579 657 4875 5668 2996 8039 9820 8592 83 1820 3967 4718 1242 3058 3842 8436 9504 7480 3959 4457 9500 2868 5932 5907 8213 7196 6326 3276 8584 3060 7369 9854 3412 753 8742 4557 9381 9436 1361 9540 4107 146 6125 3111 9990 9033 5671 1127 9600 9709 6844 7253 5095 9321 1720 8222 6246 6209 1180 5604 8768 6331 5243 3981 5896 6382 5121 1252 2351 8722 7680 6542 9819 503 553 6423 1440 4946 8788 2171 3853 6530 1819 7968 8326 6561 9161 6800 5706 5510 4378 6613 4400 7671 9247 1917 5843 1931 8066 4765 5479 3133 1536 6050 6934 9965 6151 386 1788 1217 7613 6721 1499 4425 8874 3696 8204 1920 2628 5008 9987 1598 3749 9380 8045 7658 6219 4115 7961 4925 3580 7677 256 3714 5443 7077 5906 5497 9339 7645 623 8667 8695 8992 3534 2311 9468 5336 9197 187 8316 8831 8918 1583 2736 851 6235 4571 5521 2195 5070 888 5187 3590 2335 4244 62 9995 3538 8703 8426 8362 7692 771 9238 5865 2954 1264 7509 9371 7502 6229 4438 6228 4295 4987 6175 9031 5036 3467 2549 896 421 7984 2443 3149 1463 2199 3476 9047 3833 2979 4550 2143 647 1645 3677 627 2915 6824 6329 6415 5570 7986 8502 832 4138 8183 982 9685 6438 5696 2013 2558 7908 4201 1512 4214 3292 6271 9290 9197 9421 6904 2101 3214 2069 3213 3778 6608 6268 2738 3917 1047 4830 3031 8223 9418 1139 4775 6281 4383 5869 7549 5643 9043 7390 3238 2590 1414 3123 2273 5620 5874 9712 3555 3946 9500 5577 6344 9350 9876 1131 5524 4147 3959 6789 1975 4807 1012 7126 4014 1965 8075 6068 3670 9811 8880 3190 7532 3858 4447 4223 1952 197 3642 2472 7944 4249 5902 5688 225 4512 1028 2418 5872 865 5395 5979 38 9039 9762 2535 5298 2100 699 2911 7984 3803 7275 5009 1871 4855 6711 7269 192 8130 3992 3191 1323 8934 2535 5941 1116 2674 6963 8470 2634 7834 1711 7509 9800 4350 5817 7434 6917 7844 8325 6771 5726 3524 1464 9428 6723 289 3488 4232 2422 4015 8545 7618 3487 901 2330 3477 6765 5185 5286 1884 7432 9906 1599 1990 3314 5254 6301 7554 2780 2368 9275 291 2868 2229 5146 1809
341 162677
9082 361 639 5400 5618 5215 5411 4531 2583 6835 5139 8188 2783 1072 405 9926 4793 9748 3240 8657 6225 5905 8349 1201 482 9854 1744 2155 6841 235 5473 536 9841 8721 2916 7308 6769 6824 5841 5296 2622 5186 984 5035 6942 1156 6661 3471 1435 2325 6123 3264 8223 3391 7121 6303 1714 8099 8838 7669 8302 7193 7970 1323 1227 2725 682 9174 1772 9172 5759 7296 3620 9654 8228 1009 470 4854 7195 1773 809 7444 4267 8167 4148 323 6639 1027 8379 8830 8462 8648 2742 7798 5154 468 6378 6679 5015 5018 7175 9481 9202 4343 1902 8833 5420 5523 732 7991 2586 5906 7991 1395 9546 2138 1251 3313 6444 9470 3026 8771 4394 6361 1974 293 8630 9367 5348 2764 3775 5053 3335 8872 847 921 6942 1881 7155 932 5411 1773 4776 8595 4777 9191 5279 3821 7105 5996 7612 8279 3257 9414 4961 923 5650 6683 5570 5511 2940 1288 4565 2 624 6103 8216 8153 9642 6145 8222 5448 8545 3036 967 9540 916 2308 9579 7701 8994 2824 9027 4784 8454 4524 4581 6162 7165 7884 8714 2186 1558 6784 4957 3917 7398 8634 2818 3229 996 2700 6064 5539 1943 2711 1724 4249 7482 7775 2564 7332 7609 6394 8645 4927 9436 7143 3482 4755 1405 7179 8897 818 3334 950 1931 4483 4940 9092 8000 9383 6514 3936 6909 1018 2764 6899 6028 9701 5169 4890 1661 5345 7947 2150 6294 6294 8559 1580 2116 8033 5891 4492 8973 2020 4433 4143 7764 3447 2407 2602 4792 5692 2791 9040 218 2320 114 2499 6745 8109 8236 2474 8059 2589 2748 2031 4170 2825 8163 3135 8328 3360 6358 2484 945 9155 649 1952 4188 4541 634 7743 813 3903 647 7887 4090 1545 6862 2876 4952 7637 4319 5508 1265 1230 1247 9961 8052 7342 9452 6325 8282 5236 8552 6167 4624 5316 5876 187 2054 5305 6762 6616 1763 7654 5143 1891 2642 4618 5075 9714 6557 961 1790 538 5748 6983 6009
198 498364
2012 6469 5456 4780 5956 282 2407 9939 8581 670 9415 5122 8664 7666 6336 425 1510 3829 9720 3610 4750 2870 423 8220 1201 2436 7663 2220 4238 4306 4038 1437 7253 9382 8578 1776 8122 1680 1680 3919 4553 1832 5473 2739 256 9728 3682 7093 7629 7273 3558 9617 4356 4433 8306 9143 1213 6953 2837 9931 601 6325 9201 4877 5087 1101 1962 1939 23 7009 7530 1090 161 4153 4655 9899 5411 793 7346 3553 6222 6548 1189 4345 6012 5496 184 1915 4040 5543 7911 1637 6105 5958 7700 8351 4620 6766 1628 2057 8430 9855 6345 8736 1843 404 7364 7343 4949 2578 7044 7602 4829 4251 4536 8262 9463 895 2812 493 1845 2754 1435 7070 8851 3704 8578 4232 2370 1756 2445 2630 8259 3168 3440 8078 5905 6479 4900 6692 3883 7054 6316 7340 6589 609 5506 4397 8875 5675 6819 9120 8266 8477 3876 6872 9098 8191 9264 7211 9187 9756 4207 9518 1514 1287 7940 9040 9233 1820 3187 525 8073 2466 9037 7986 1620 7724 25 2032 7803 6590 9201 4425 3833 9709 3414 8744 4114 4111 6513 5165 4308 2402 7128 6086 3688 4873
587 368504
1210 8863 7908 2471 2527 9725 8918 3626 4002 4158 513 4063 2121 8031 8134 7333 8490 9270 4092 228 8196 2914 8768 9846 2905 8621 9002 1170 7096 5821 8583 1651 6027 7482 4296 5399 3802 6587 9302 339 7914 2777 7169 2132 7237 3525 884 2128 1639 9093 7526 6939 9090 4681 159 6422 2479 1388 9860 9009 7794 5254 7202 8401 792 3662 7012 6157 6096 9949 8480 6114 3587 5582 532 6199 8433 1857 1240 8747 2969 2687 7472 1881 9301 231 7025 5293 1632 3799 2221 49 3637 7398 3373 9361 8757 4958 7034 4413 2900 7624 8535 3052 6369 8448 2719 2444 4417 9687 4982 5448 4934 7526 575 8243 6753 9440 9690 7025 1361 5713 5399 1781 6166 7875 8140 4389 1975 9615 7022 9466 4764 4848 5055 7811 6857 259 8917 2024 424 1194 9139 1100 9986 6448 950 4956 7913 5896 5374 5589 3717 6542 951 6722 5177 287 7635 7682 4161 1476 2837 9448 5851 6872 541 9900 9055 4075 6427 9807 5052 2288 6050 7532 4768 353 8394 4809 1923 770 1666 7389 881 3827 2640 5276 8114 6606 374 6765 1736 7697 3955 1228 1028 390 755 7708 6822 5741 3653 9524 303 8155 4007 6026 1764 1099 6527 7262 7921 5491 9512 6925 1672 9218 3495 5797 6293 9238 4058 5464 527 8634 3788 2282 8957 1020 5159 6677 434 3644 8854 2444 8566 4352 1014 4124 4563 9124 7977 6462 8473 5855 8246 5769 5438 5586 3536 6516 9910 8217 3569 3769 2410 1348 6195 5157 6648 1519 3931 3468 6839 2268 611 5162 5637 6515 5251 1156 576 4896 4907 9501 5245 7898 9183 68 9608 7060 254 7355 7176 6316 3761 7074 8558 1761 13 9186 2730 2402 2597 4150 26 8658 7232 3747 6897 9959 290 4088 8319 5089 7657 8928 8898 1560 2199 2996 9209 9262 7878 7262 4001 7651 4509 4201 2622 8552 3550 8564 1240 2347 1480 949 7791 3745 3280 3226 7772 2625 7960 4794 9317 1789 8601 2667 9596 7740 6290 9500 5462 4227 8444 4146 6979 6770 5017 4801 6879 2042 3321 8624 2356 1948 8297 1279 5913 8221 584 2612 1947 4133 9735 3184 9286 9927 9517 1153 3359 8811 1348 9648 8226 6583 7187 5723 2340 8540 4041 5405 8308 4013 51 7401 9075 7258 9098 4502 6972 5162 8940 676 1969 4535 5653 685 3812 7747 4314 8918 6335 3337 2977 1444 8465 655 4208 7692 6310 7703 5713 4995 337 1444 9039 8228 4472 9385 593 6384 2797 3677 1423 1855 4900 8363 4453 6996 8725 5638 7027 815 5984 6010 7582 5069 2552 8813 7751 1754 8862 5445 8582 6502 6411 2243 5779 8564 5849 7516 7168 3855 7087 6345 8454 1960 4007 2836 5019 9915 621 4211 1517 7152 8166 5569 6974 5645 5898 9943 3755 3656 2400 5770 3899 1353 37 5726 9713 4318 7577 1657 1997 5833 4502 2402 5525 3076 5501 6904 5275 6533 9119 8990 7388 764 3973 1460 3125 5545 2892 7265 6209 2154 6528 652 8883 8194 3140 9674 2301 1350 6364 1490 1083 8001 4263 8365 623 1095 6732 5257 6970 1158 3055 1644 9363 6648 8816 357 9735 1701 625 2622 2701 2470 1538 381 4772 1940 7115 3898 6876 8815 629 2252 6798 8922 9397 3324 8969 9604 4950 475 6154 1089 7458 2287 7479 823 9373 6840 424 6917 7294 9313 2658 4173 2442 5539 7010 2419 7726 5923 4562 637 1353 9435 715 250 9685 3701 6503
843 112888
4174 7701 5457 1046 7765 4988 1863 1510 2297 9227 8940 9746 6861 3247 8201 8377 8536 2576 3322 5801 235 3867 4586 6778 4783 266 6491 3860 9068 7854 4207 6352 6072 2383 7431 8652 7130 218 565 264 4090 25 5231 4862 1911 8961 9939 7055 7988 6069 2737 9847 7120 8039 6890 8818 3488 911 6931 6569 7099 6132 2966 4085 6530 2455 4661 8772 3179 239 2891 6424 4537 5838 4033 3964 4025 9091 7898 1667 330 6057 5308 7673 7642 9965 5339 4011 5498 413 5924 1922 5437 3419 1523 5754 2530 2592 6001 6561 9835 3102 3389 9418 3658 4894 8086 1009 7591 2968 4866 8506 5280 6017 542 98 1662 4415 2947 7159 2543 6359 9489 6243 3734 7879 907 163 6299 5536 7262 9447 2320 9787 5007 9202 2417 3869 592 4784 4119 9621 7183 4311 2089 9218 6924 4023 1935 9809 4052 2699 261 1443 1150 9057 7721 238 8306 6838 3313 7050 945 2794 2779 3436 9237 9603 1475 6191 1078 1614 9706 7294 5797 1824 5097 5422 729 2730 4131 2456 739 4155 1183 5636 2688 2623 5306 5969 8444 4725 6200 9698 9661 3007 2099 5682 9603 7587 7458 1528 4793 830 1511 8357 7000 3319 6789 3290 9577 1841 9595 567 7845 3387 3458 3167 555 8930 7039 8391 3660 7782 8005 5932 9671 7193 7946 3124 7356 3348 3300 5836 3295 8740 3136 4273 3724 7473 4895 7979 5937 9087 5966 1203 7692 3214 3600 7318 9521 8796 6410 817 5464 9515 1226 812 6354 4860 7237 1827 6998 922 1500 831 8572 5492 8074 6756 6388 2322 7005 787 3604 8793 3230 9696 717 7945 7679 5566 8344 4659 2768 6918 195 8056 8925 6998 3314 7117 248 4550 9411 7739 4158 5781 3746 3011 2073 2642 5254 2622 4626 4824 8598 3010 8704 3761 7708 7280 3697 7947 900 9114 5956 951 8048 9251 9025 6414 1660 1423 2790 6126 1176 5625 3231 8723 168 5011 1792 6033 5156 2232 9346 1900 2220 3710 1800 218 1452 7 3484 3057 9208 1862 6139 7147 2564 398 3258 6072 211 326 3684 3458 2442 8057 7553 7291 4591 7147 500 7522 675 1845 2097 3557 1226 4209 5129 1681 947 3777 2947 2692 6648 9450 8185 3555 8884 7294 3900 9752 2235 7511 3941 4356 5435 623 3738 2626 4637 2876 2760 1787 7464 9161 1683 6150 3682 9072 1752 567 8788 1844 4538 2360 5641 842 7585 5862 9762 1111 684 66 2169 4180 2062 2056 9904 5967 9244 5596 1638 9468 6290 9552 5765 4152 6541 7234 3963 6894 2280 2962 7218 9650 8214 4082 7406 1194 5400 9446 7651 2221 8076 154 7921 3699 5763 9539 5293 7356 1213 3389 9869 2430 9027 9540 8207 5142 4817 6959 4230 8735 958 4390 3026 7440 8121 2228 9836 4159 5810 1271 8187 2915 2866 8340 1525 3864 2392 200 6454 7676 1936 5594 5878 8310 9858 6828 858 9974 8501 7104 5881 7671 2542 3670 1097 8129 2377 8131 150 1580 4322 3678 7854 1662 3873 5253 8780 9189 3072 8588 2318 689 9274 6309 1621 7688 8065 8347 7482 1517 6940 6072 312 7643 4379 4919 9385 2139 1273 3140 4720 4293 2365 3535 352 7074 1965 8495 8295 2592 7423 8307 5403 7600 877 1028 7568 5593 4677 6678 6242 6495 4282 1533 1525 2478 5770 8700 5383 5600 4925 5849 8271 3150 7943 5053 5380 2595 6794 7767 9532 6396 7419 3504 2512 2492 8895 9545 8664 9532 4433 1808 6904 9600 3603 8066 6998 7860 5231 3898 8599 3893 5833 7912 8486 8444 4435 1612 5184 6309 8300 9553 1887 7070 1814 9544 3440 107 8482 3769 1347 1174 3163 9422 6703 931 5899 5163 2271 3474 6798 1573 8045 6542 9809 2947 2569 4018 4646 306 6215 5115 6823 4018 306 3881 8773 9838 4657 5327 8556 8729 2340 1993 3076 8099 7786 9533 4823 4828 7443 6331 3418 6831 7629 1086 2762 511 5693 4372 9348 4672 4908 8618 688 9580 3596 5873 5547 2806 7205 8653 7296 6715 4032 7291 1715 212 5087 6738 1818 5064 1047 1443 7495 671 6555 3979 9622 3169 6806 2807 8240 3676 7764 7254 8746 2533 5598 5466 5277 7829 1473 5144 8946 8149 5290 4864 8810 8213 6576 3718 9575 949 5821 974 8523 3735 9386 6551 9003 9435 3623 8910 9183 8058 9060 7555 8633 2447 142 4024 8271 6607 6185 7590 8199 297 6966 4874 6670 9081 1378 5197 6020 1718 3628 7217 2456 8971 304 1783 1756 4419 4980 5325 4309 1981 7454 8820 2561 8975 6848 3104 4868 7287 5201 4905 3041 7181 2025 8975 3202 1460 8377 2906 9317 2735 3205 3919 1827 3504 2431 734 2685 1868 2369 1032 4405 7466 9415 1519 8134 4570 7175 4965 1841 2114 4765 3942 1542 4500 231 2386 5627 1899 1737 9666 5164 7940 4366 7788 1119 6698 3117 9650 5218 8377 4244 9444 5716 9652 3171 3446 1980 2930 4983 2412 6858 7843 3281 49 6281 1409 1234
862 676497
5815 5906 2602 7553 4287 7334 7099 8212 3536 5927 3739 9398 5681 6274 8083 8484 9966 7085 3635 6188 913 7305 9866 8585 8364 1649 2081 3257 6021 2431 6245 5193 3550 6574 9072 9666 5424 2570 1939 8941 7781 835 9186 3362 3439 3840 3724 1886 5543 1631 1749 451 8549 5771 2017 4473 7769 1687 9552 1922 8085 311 8353 2571 2599 2319 3844 5519 7846 4882 9007 2710 6344 7580 3804 522 317 4091 1582 4090 2268 2216 7295 5335 3512 8244 4903 27 4607 4813 155 1754 8271 9296 495 9665 9173 5096 9353 2635 2612 6516 1380 2963 2670 887 3341 2067 6193 9017 2478 6459 1313 2763 8821 3261 8958 6440 7504 3092 3810 1383 8055 1509 345 1388 5221 6878 6765 6542 2533 8412 8029 2899 2853 136 8330 3256 3289 5585 5774 9261 6319 8485 8841 8509 7691 9944 3145 8459 8671 3192 5701 8935 8072 9431 6342 9072 2503 4759 6371 2180 618 3428 7735 8947 4103 1034 8401 7202 7908 4872 312 8331 6358 6220 7113 6113 53 3086 6367 7025 7512 9577 7997 8948 3154 8867 9354 3713 3208 6126 6570 4655 4797 1911 101 5640 9853 2892 2903 1978 8834 6683 2387 6183 1734 6261 9060 7356 262 1697 7282 7278 1919 413 7741 9104 5992 4447 5706 4497 700 2905 6231 2403 7986 4571 7836 710 5227 5843 6383 371 4279 8271 52 1557 2836 883 2624 3649 7588 7078 5896 8518 6377 7623 4875 5359 4848 2653 1176 438 9944 8667 589 9235 5853 9395 5262 673 3110 5601 4638 4450 1463 3624 2285 4633 4003 1562 575 1557 721 1601 4180 8333 9802 1931 7497 6950 7165 9314 1898 7378 1087 1289 6434 179 5746 7650 8625 8733 689 6316 1208 4090 2341 6842 4628 2903 9047 5407 7269 8187 8275 3733 8746 2439 7941 3566 2411 5657 9154 3249 2131 6299 550 1318 663 120 6037 557 295 9439 4176 7287 7489 6336 4327 7864 4364 2899 4117 3621 4535 3816 732 8168 2110 1496 5118 2210 5606 715 6949 608 7655 1219 7535 3286 1475 5046 7962 1975 4246 5689 2840 9847 4380 9303 9023 8040 5881 5953 1616 2880 2729 7343 5681 5708 8709 933 5945 862 5182 8112 5352 1585 9562 7456 2513 8957 344 1504 581 8246 6369 6960 3916 815 7549 4212 1234 6284 991 9941 4989 1445 9039 4261 9910 1094 5858 1264 715 4339 3399 6222 8288 6073 6496 292 302 2704 3803 4202 8233 7692 7820 4344 5889 8003 8826 5610 4229 7785 4963 8579 4686 2774 956 7453 5728 1530 1352 4254 1960 8999 4820 6070 6849 8044 9053 8725 3242 578 3311 9930 8412 2558 7804 6117 6298 1351 7557 8782 2570 2354 5623 1295 3114 3881 2533 8876 7792 6667 477 6867 6323 8045 2506 6878 8912 6157 6278 438 857 3399 3162 3265 2128 2624 1139 8108 6972 576 7154 9940 7558 5325 1825 653 9811 2002 7565 7462 6877 6590 3300 7284 5840 2505 9612 6234 5662 9458 7966 2666 6768 8003 9997 9558 106 6662 807 9183 266 2225 7015 2655 237 3628 2276 6705 4797 6131 25 8030 9546 1383 3266 2483 1828 8751 5264 3773 4034 8349 5417 2663 4931 4395 495 9690 6063 2739 683 723 8008 6766 694 7075 2418 1588 3732 3488 268 1346 3437 7368 1243 3978 6889 3301 9938 6276 423 444 639 8899 2587 8512 2180 6466 5122 6580 2161 1900 8659 2029 6171 4267 275 2677 4459 137 8613 9612 8693 5282 76 5785 9763 1067 9342 6463 5118 123 7096 4794 5385 7831 2856 4009 2810 8620 9115 8997 4261 1637 6435 6063 9414 9165 516 153 8219 9390 2923 4778 76 1048 9115 9477 3896 2701 5734 6915 8685 4521 1173 3084 5523 5439 1732 6725 9446 5150 4253 772 1231 8146 9567 5727 7710 791 4843 9538 3253 3705 9946 255 8452 7703 6478 5663 7164 6309 8148 6071 5298 5760 1443 8310 3971 3645 8820 138 558 9851 8541 6371 4867 7431 9724 7759 8374 5005 8300 8420 5359 6444 599 4461 8369 2707 9993 6780 260 1287 5804 6013 8274 6150 229 9275 1707 1174 4778 699 9670 5943 4111 9974 5764 9783 4492 1637 8290 1460 460 3685 9291 8172 6853 633 9783 48 1663 6367 6693 1527 4498 4891 1408 47 320 5055 5393 222 6604 6268 4848 9622 4790 4706 4264 6759 9269 5283 7079 8319 6351 502 3838 5500 8168 4184 4699 6690 5236 5084 1841 5944 107 9219 7121 957 8120 4919 5415 7400 9789 5841 8147 6749 8247 3467 1122 7883 4122 239 9384 8146 8169 1342 5660 530 4644 5788 7633 3886 3726 1129 1453 3168 9609 1147 9352 6134 2016 3638 5378 9018 8801 8878 592 7759 9686 8036 6773 2551 847 1883 122 9361 6765 3982 890 5536 4941 4987 1596 8567 5743 6055 5437 5169 3346 6965 3721 5885 8046 4962 4982 7926 7965 391 3741 3824 7286 1793 9382 8014 6760 877 8720 2513 400 2253 8202 4731 6455 3287 1424 4066 4491 8909 4741 592 328 9767 7849 1318 5235 2364 567 5521 9027 2928
191 169396
1127 4244 437 572 5144 3267 3559 3761 3110 3488 5480 25 7636 7724 8277 6436 3365 7494 1528 9288 4526 5172 8779 7770 4314 3280 4807 1245 5143 1212 1418 4164 8717 1604 7111 6597 655 5231 5912 3869 9370 4177 910 3306 7802 8656 2249 1656 3468 1313 2435 8283 6718 1855 2598 3766 5315 3383 14 9030 6947 1954 7049 3071 3534 2752 9371 6592 3921 4765 4127 3621 2529 4563 6663 4393 468 3565 4436 5894 6880 8818 5617 1787 1723 7158 730 2665 8049 5721 6074 5737 7060 8698 1938 3597 4798 3180 1333 4082 4802 8402 6592 2063 6096 4730 631 6284 9703 8836 8346 4434 5412 622 7255 5259 7753 1085 7049 4470 7210 8362 4735 9465 9600 2934 1639 3299 7328 251 2056 9101 1366 8465 5583 7644 5850 458 6513 7111 3365 5883 8832 7167 1309 1095 7385 3391 6268 5001 9978 9809 3455 4334 3248 91 1882 780 7758 9204 8921 307 1258 1863 289 7039 1 9251 9316 7575 9083 460 6548 69 2601 8498 2303 6178 5467 6091 1752 8957 4974 7664 8358 6264 9106 1553 6662 9184 1226
260 715402
2312 4839 4795 3362 2193 1100 6554 9954 6340 7339 3961 3303 1394 3006 7385 1758 9909 7257 8009 7206 4653 8964 3228 9236 7623 8340 8614 5235 4684 7352 9443 5017 276 2158 7076 5781 8822 6597 8423 2597 9357 4670 8161 7699 3144 6044 7083 8719 2206 8042 9655 1480 427 5659 4733 2420 6268 1517 7350 992 5427 599 8260 2833 5800 4209 6412 1640 44 403 9937 2723 522 6966 1918 7681 4733 38 9008 8782 2840 2713 2750 2268 2838 6153 8869 5778 8863 541 548 3166 5715 9014 9249 7671 4982 7525 6791 7262 9432 9834 6285 18 8832 7783 9667 1506 900 2546 2331 7677 8231 7786 4306 4917 2784 4241 3258 4418 2275 7944 4469 1059 8527 9240 6912 3584 6227 9564 1498 6347 3629 7469 1439 9556 5361 9925 7877 7196 1762 1476 6018 8145 5440 1041 1672 8360 5790 1000 1423 3176 8894 898 5469 5603 8700 6274 7108 8304 2164 1276 6776 4531 6545 7952 683 9711 7987 4308 4375 5394 8443 9039 40 5902 6934 9170 5299 9799 9780 2081 1479 8824 3028 255 2479 1840 2606 9224 4832 5018 6428 1767 5573 9531 7045 8408 37 6005 6616 3688 4910 8808 9490 1128 4288 8215 8429 4113 7096 3064 8085 6705 8983 4805 2935 7251 1407 3488 3048 9757 4378 6724 6191 7043 6838 1526 4688 649 7105 9354 4966 1445 781 4514 9900 4883 9968 3953 7033 3298 650 2830 2470 3947 6708 3844 6108 5234 450 1270 2399 9654 6404 5664 5905 5570 303 3721
630 429852
2162 5401 2013 6574 7002 6932 3507 5953 2214 9431 8658 6748 7322 6071 9983 9949 4611 676 1940 406 7188 2676 2527 3797 2651 1483 3158 3557 4994 5672 489 1951 2497 175 1584 5006 8368 9822 8323 4990 2138 1039 9001 3216 9022 8137 5975 7725 7711 3443 8490 2356 9835 6470 8144 9810 5641 5038 9249 4957 8811 7325 6939 7229 8083 5788 3515 5432 7586 9519 135 7416 7308 8659 1127 5226 5111 5158 7445 2166 2161 3363 1962 1574 2305 2937 7367 3941 4774 5511 5525 9046 6909 9575 8756 4238 5278 2356 4064 1167 4373 1577 7234 3138 1614 4119 1091 655 3497 4466 7787 3084 6206 6985 4167 5120 2746 5376 2088 707 4199 6892 5848 1828 3449 778 8184 7606 1925 6972 4725 760 2332 7985 2394 8608 5269 9664 7086 4179 7369 8449 9837 6259 8808 7000 5237 8373 8281 9198 4823 2174 542 5230 4957 4987 4342 9113 9147 6297 6860 8183 7806 2647 8220 8667 4481 6646 4230 8065 3438 7801 1579 2134 5777 6799 2548 7652 7512 7803 7411 8713 4823 9276 1633 7379 9433 4174 8198 6666 2896 2572 2470 2442 9485 5887 6585 827 747 3816 1907 5502 5622 3110 802 231 2089 2869 6839 2210 5109 8963 3291 7251 1997 2528 7474 2590 4126 3457 1741 9535 6109 1281 6857 568 408 3653 7141 1605 3374 6234 4866 924 8282 9790 3187 4758 7194 535 7059 7589 863 4388 1605 1394 1533 5742 8951 1508 8034 1402 1616 3918 6900 4974 1752 2533 4562 9149 8471 9388 7628 4001 5397 7359 639 3028 4833 7801 5896 4523 7789 4690 1786 4944 4598 9352 2811 6442 546 4248 8472 5323 1586 1865 8825 150 8279 4150 8400 6042 7153 8438 2394 288 1730 3226 8536 829 4225 6610 8263 9140 4666 1420 8251 7436 6178 6410 779 8456 1737 3166 2677 5289 6952 7477 3618 9325 5770 2894 5668 3217 519 3110 1500 1883 6875 9249 1177 9277 326 998 1802 7814 1964 9543 8853 5675 2364 8860 1616 1085 1454 1195 668 2519 7190 9254 5553 6135 2885 226 4116 390 9310 5391 3766 5334 646 9960 3558 535 7925 8617 8887 3749 8121 8808 6428 1442 9849 9586 863 1388 8519 7443 8113 4138 4863 3696 1035 1656 9084 8453 8036 1693 426 7446 7371 3477 7478 9860 3588 560 1921 7119 9360 1894 2387 9362 7860 2565 7325 5920 4076 4936 1495 2952 7752 3958 1815 9655 3332 2821 9347 7867 8086 9993 4046 2064 3073 396 2958 5113 5846 7659 3583 8668 3802 7563 8352 7930 450 6295 4922 5241 3466 1447 5457 208 2710 558 6227 7583 7936 4880 1950 57 6960 1198 4494 8111 4442 7712 9812 9898 9088 3597 2098 5924 8328 4362 2498 4035 3961 749 5479 3107 9903 1580 9947 8079 9182 6935 2359 348 7794 6783 9489 674 5973 6466 3712 6600 2362 5652 3403 9115 4983 4602 4319 2138 4640 1718 6671 8097 8285 7995 7558 7233 893 3212 3832 8744 9252 4613 342 18 5392 3301 3904 6619 6553 3447 9285 1759 3847 4379 2230 8577 2350 7622 873 964 4308 7939 4762 9705 5027 8852 6651 2934 153 6169 539 2895 3084 4859 8533 5140 5644 7494 5567 7959 8193 7329 3331 2712 9699 363 5243 1551 1689 1076 6693 7669 1017 2885 7894 463 1869 5693 7195 3735 1527 7257 4666 2201 3003 6126 6855 472 6587 1558 9203 3578 5760 917 3230 2055 7315 8280 4013 4553 9932 2617 8039 880 2578 2640 1001 5941 2753 601 2890 8841 2602 8334 5304 3817 6132 3186 9185 1664 8992 4490 1982 6841 9626 8967 1321 1263 571 8900 8208 9492 4412 2328 9346 1274 4421 6377 726 5169 7187 4238 411 1998
